{
  "fridge": 11179.48717948718,
  "freezer": 2516.5289256198353,
  "fixed_phone": 2545.4545454545455,
  "iron": 106.0,
  "vacuum_cleaner": 126.0,
  "fixed_computer": 267.6336397684712,
  "fixed_computer_2": 267.6336397684712,
  "laptop_computer": 576.923076923077,
  "laptop_computer_2": 576.923076923077,
  "tablet": 500.0,
  "printer": 520.7648640573649,
  "tv": 16.01263432553988,
  "blueray_console": 12.503742402865207,
  "tv_box": 1714.2220589706785,
  "gaming_console": 698.2597054886212,
  "wifi_box": 0.9999999999999998,
  "electric_hob": 269.77495311523234,
  "gaz_hob": 0.0,
  "oven": 12.791818600947229,
  "microwave": 43.2595444337504,
  "kettle": 1079.9999999999998,
  "toaster": 232.51625812906457,
  "dishwasher": 223.23276564168444,
  "dryer": 7.496996395674809,
  "washingmachine": 514.8998217853858,
  "basin": NaN,
  "sink": NaN,
  "shower": NaN,
  "bath": NaN
}